5.892857142857143016e-01
8.667992047713717341e-01
6.535433070866141225e-01
6.328293736501079403e-01
4.794816414686824957e-01
7.689393939393939226e-01
5.822784810126582222e-01
5.031185031185031464e-01
8.517110266159695353e-01
6.496350364963503488e-01
6.400862068965517127e-01
5.449330783938814982e-01
6.829268292682927344e-01
8.807692307692307487e-01
8.389662027833002522e-01
5.012224938875305957e-01
8.368644067796610075e-01
7.065462753950338959e-01
6.905829596412556004e-01
6.905829596412556004e-01
7.684210526315788936e-01
7.687626774847869937e-01
6.799242424242424310e-01
7.848837209302325091e-01
6.393129770992366234e-01
6.809338521400778443e-01
7.346153846153846700e-01
7.171052631578946901e-01
8.569023569023569431e-01
6.071428571428570953e-01
8.908450704225352457e-01
8.722986247544204375e-01
6.940298507462686617e-01
7.671517671517671388e-01
7.002141327623125910e-01
7.169459962756051796e-01
8.377823408624229806e-01
7.738095238095238360e-01
7.513043478260869046e-01
7.246376811594202882e-01
7.148217636022513588e-01
6.781818181818182190e-01
6.765217391304347849e-01
7.373188405797101996e-01
8.027079303675048738e-01
8.189964157706093317e-01
7.325102880658436177e-01
6.491228070175438791e-01
7.213822894168466782e-01
8.254237288135592987e-01
5.456171735241502896e-01
6.028368794326240954e-01
7.312186978297161577e-01
8.517110266159695353e-01
4.570312500000000000e-01
3.826714801444043301e-01
3.333333333333333148e-01
7.373188405797101996e-01
5.959780621572211556e-01
6.307053941908713490e-01
7.015706806282722141e-01
7.629482071713147295e-01
7.526205450733752800e-01
8.095238095238095344e-01
7.268518518518518601e-01
8.524590163934425702e-01
8.368644067796610075e-01
6.732026143790850181e-01
5.316901408450703803e-01
7.054545454545454453e-01
9.041322314049586861e-01
7.508417508417508657e-01
5.618661257606490933e-01
5.295169946332737299e-01
6.398601398601398982e-01
7.061143984220907832e-01
5.496688741721854621e-01
6.809338521400778443e-01
8.807692307692307487e-01
7.689393939393939226e-01
6.600985221674876557e-01
7.051282051282051766e-01
7.213822894168466782e-01
6.822916666666666297e-01
6.843910806174957617e-01
6.942148760330578705e-01
7.848837209302325091e-01
4.452296819787985860e-01
6.177156177156176708e-01
8.130081300813007950e-01
6.666666666666666297e-01
6.203522504892368117e-01
5.200698080279232416e-01
8.110687022900763266e-01
4.441087613293051573e-01
6.780575539568345356e-01
5.280373831775700966e-01
7.753086419753086878e-01
8.667992047713717341e-01
7.220843672456576101e-01
8.516129032258064058e-01
6.359447004608295151e-01
5.900900900900900581e-01
5.600739371534195765e-01
5.286195286195286558e-01
5.612244897959183243e-01
7.572815533980582492e-01
7.434456928838951706e-01
7.791095890410958402e-01
6.241134751773049771e-01
6.869009584664537149e-01
6.328293736501079403e-01
5.775075987841945535e-01
