5.892857142857143016e-01
8.469184890656064058e-01
6.535433070866141225e-01
6.328293736501079403e-01
4.794816414686824957e-01
7.689393939393939226e-01
5.822784810126582222e-01
5.031185031185031464e-01
8.517110266159695353e-01
6.496350364963503488e-01
6.400862068965517127e-01
5.946462715105162999e-01
6.829268292682927344e-01
8.750000000000000000e-01
8.170974155069582467e-01
5.012224938875305957e-01
8.368644067796610075e-01
7.878103837471783777e-01
7.354260089686098789e-01
7.354260089686098789e-01
7.284210526315789691e-01
7.687626774847869937e-01
6.799242424242424310e-01
7.848837209302325091e-01
6.393129770992366234e-01
6.809338521400778443e-01
7.538461538461538325e-01
7.719298245614034659e-01
8.569023569023569431e-01
6.071428571428570953e-01
8.908450704225352457e-01
8.722986247544204375e-01
6.940298507462686617e-01
7.671517671517671388e-01
6.573875802997858342e-01
7.169459962756051796e-01
8.377823408624229806e-01
7.261904761904761640e-01
7.513043478260869046e-01
7.246376811594202882e-01
7.148217636022513588e-01
6.509090909090908816e-01
6.765217391304347849e-01
7.373188405797101996e-01
8.027079303675048738e-01
8.189964157706093317e-01
7.427983539094650256e-01
6.491228070175438791e-01
7.257019438444924919e-01
8.254237288135592987e-01
5.742397137745974822e-01
6.312056737588652711e-01
6.644407345575960022e-01
8.517110266159695353e-01
4.570312500000000000e-01
3.826714801444043301e-01
3.333333333333333148e-01
7.373188405797101996e-01
6.288848263254113169e-01
6.307053941908713490e-01
5.968586387434554608e-01
7.629482071713147295e-01
7.526205450733752800e-01
8.095238095238095344e-01
7.268518518518518601e-01
8.524590163934425702e-01
8.368644067796610075e-01
6.732026143790850181e-01
5.246478873239436291e-01
4.109090909090908905e-01
8.925619834710744049e-01
7.508417508417508657e-01
5.618661257606490933e-01
5.295169946332737299e-01
6.573426573426572883e-01
6.607495069033531010e-01
5.496688741721854621e-01
6.809338521400778443e-01
8.750000000000000000e-01
7.689393939393939226e-01
6.600985221674876557e-01
7.051282051282051766e-01
7.257019438444924919e-01
6.822916666666666297e-01
6.843910806174957617e-01
7.057851239669421517e-01
7.848837209302325091e-01
4.452296819787985860e-01
6.177156177156176708e-01
8.292682926829267887e-01
6.666666666666666297e-01
6.203522504892368117e-01
5.287958115183245544e-01
8.110687022900763266e-01
4.743202416918428921e-01
6.618705035971222950e-01
5.280373831775700966e-01
7.753086419753086878e-01
8.469184890656064058e-01
7.220843672456576101e-01
8.516129032258064058e-01
6.359447004608295151e-01
5.900900900900900581e-01
5.600739371534195765e-01
4.898989898989898895e-01
6.326530612244898322e-01
7.495145631067960945e-01
7.434456928838951706e-01
7.756849315068493622e-01
6.241134751773049771e-01
5.431309904153354129e-01
6.328293736501079403e-01
5.775075987841945535e-01
