5.853174603174603474e-01
8.667992047713717341e-01
5.564304461942257696e-01
5.485961123110151272e-01
4.751619870410367374e-01
7.689393939393939226e-01
5.240506329113924222e-01
5.197505197505197794e-01
8.517110266159695353e-01
6.605839416058394420e-01
5.797413793103448620e-01
5.449330783938814982e-01
7.108013937282230410e-01
8.807692307692307487e-01
8.389662027833002522e-01
5.036674816625916762e-01
7.309322033898305593e-01
7.990970654627539416e-01
6.905829596412556004e-01
6.905829596412556004e-01
6.715789473684210531e-01
7.261663286004056417e-01
6.590909090909090606e-01
7.848837209302325091e-01
6.412213740458014843e-01
6.147859922178988690e-01
6.461538461538461897e-01
6.491228070175438791e-01
8.569023569023569431e-01
5.958646616541353191e-01
8.908450704225352457e-01
8.722986247544204375e-01
6.940298507462686617e-01
6.923076923076922906e-01
7.002141327623125910e-01
7.169459962756051796e-01
8.377823408624229806e-01
7.658730158730159276e-01
7.756521739130435300e-01
7.318840579710145233e-01
7.260787992495310039e-01
6.509090909090908816e-01
6.904347826086956186e-01
7.355072463768116409e-01
7.833655705996132035e-01
7.939068100358422919e-01
7.325102880658436177e-01
6.491228070175438791e-01
7.213822894168466782e-01
8.254237288135592987e-01
5.456171735241502896e-01
